0|Мёртыве души|Гоголь|Роман, Сатира, Пикареска|1842|1
2|Ван-Пис|Эйитиро Ода|Приключения, фэнтези, комедия и сёнэн|1997|1
3|Ван Пис|Эйити|Приключения|1997|1
4|Ван пис|Эйити|роман|1997|1
5|ва|пва|пва|0|1
6||||-858993460|1
7||||-858993460|1
8||||-858993460|1
9||||-858993460|1
10||||-858993460|1
11||||-858993460|1
12||||-858993460|1
13||||-858993460|1
14||||-858993460|1
15||||-858993460|1
16||||-858993460|1
17||||-858993460|1
18||||-858993460|1
19||||-858993460|1
20||||-858993460|1
21||||-858993460|1
22||||-858993460|1
23||||-858993460|1
24||||-858993460|1
25||||-858993460|1
26||||-858993460|1
27||||-858993460|1
28||||-858993460|1
29||||-858993460|1
30||||-858993460|1
31||||-858993460|1
32||||-858993460|1
33||||-858993460|1
34||||-858993460|1
35||||-858993460|1
36||||-858993460|1
37||||-858993460|1
38||||-858993460|1
39||||-858993460|1
40|Привет|кпы|укп|0|1
41||||-858993460|1
42||||-858993460|1
43||||-858993460|1
44||||-858993460|1
45||||-858993460|1
46||||-858993460|1
47||||-858993460|1
48||||-858993460|1
49||||-858993460|1
50||||-858993460|1
51||||-858993460|1
52||||-858993460|1
53||||-858993460|1
54||||-858993460|1
55||||-858993460|1
56||||-858993460|1
57||||-858993460|1
58||||-858993460|1
59||||-858993460|1
60||||-858993460|1
61||||-858993460|1
62||||-858993460|1
63||||-858993460|1
64||||-858993460|1
65||||-858993460|1
66||||-858993460|1
67||||-858993460|1
68||||-858993460|1
69||||-858993460|1
70||||-858993460|1
71||||-858993460|1
72||||-858993460|1
73||||-858993460|1
74||||-858993460|1
75||||-858993460|1
76||||-858993460|1
77||||-858993460|1
78||||-858993460|1
79||||-858993460|1
80||||-858993460|1
81||||-858993460|1
82||||-858993460|1
83||||-858993460|1
84||||-858993460|1
85||||-858993460|1
86||||-858993460|1
87||||-858993460|1
88||||-858993460|1
89||||-858993460|1
90||||-858993460|1
91||||-858993460|1
92||||-858993460|1
93||||-858993460|1
94||||-858993460|1
95||||-858993460|1
96||||-858993460|1
97||||-858993460|1
98||||-858993460|1
99||||-858993460|1
100||||-858993460|1
101||||-858993460|1
102||||-858993460|1
103||||-858993460|1
104||||-858993460|1
105||||-858993460|1
106||||-858993460|1
107||||-858993460|1
108||||-858993460|1
109||||-858993460|1
110||||-858993460|1
111||||-858993460|1
112||||-858993460|1
113||||-858993460|1
114||||-858993460|1
115||||-858993460|1
116||||-858993460|1
117||||-858993460|1
118||||-858993460|1
119||||-858993460|1
120||||-858993460|1
121||||-858993460|1
122||||-858993460|1
123||||-858993460|1
124||||-858993460|1
125||||-858993460|1
126||||-858993460|1
127||||-858993460|1
128||||-858993460|1
129||||-858993460|1
130||||-858993460|1
131||||-858993460|1
132||||-858993460|1
133||||-858993460|1
134||||-858993460|1
135||||-858993460|1
136||||-858993460|1
137||||-858993460|1
138||||-858993460|1
139||||-858993460|1
140||||-858993460|1
141||||-858993460|1
142||||-858993460|1
143||||-858993460|1
144||||-858993460|1
145||||-858993460|1
146||||-858993460|1
147||||-858993460|1
148||||-858993460|1
149||||-858993460|1
150||||-858993460|1
151||||-858993460|1
152||||-858993460|1
153||||-858993460|1
154||||-858993460|1
155||||-858993460|1
156||||-858993460|1
157||||-858993460|1
158||||-858993460|1
159||||-858993460|1
160||||-858993460|1
161||||-858993460|1
162||||-858993460|1
163||||-858993460|1
164||||-858993460|1
165||||-858993460|1
166||||-858993460|1
167||||-858993460|1
168||||-858993460|1
169||||-858993460|1
170||||-858993460|1
171||||-858993460|1
172||||-858993460|1
173||||-858993460|1
174||||-858993460|1
175||||-858993460|1
176||||-858993460|1
177||||-858993460|1
178||||-858993460|1
179||||-858993460|1
180||||-858993460|1
181||||-858993460|1
182||||-858993460|1
183||||-858993460|1
184||||-858993460|1
185||||-858993460|1
186|One Piece|autor|Romanio|197|1
